cuò shī	25-59593-S,28-21005-S,28-34105-B,44-2424-S,68-31103-S
cuò shī shǔ	51-64039-S
cuò wèi	64-47761-B
cuò wù	35-65542-S,51-65930-S,62-41296-S,64-48700-B,68-48066-S
cuò wù de jié hé	64-48755-B
cuò xìn xī	8-46434-S
cuò yì tū biàn	64-48381-B
cuò zhé	27-69958-B
cuò zhé gǎn	27-70007-B
cuò zì	64-47992-B
cuò zōng	64-48203-B
cuò zōng fù zá	64-48290-B
cuò àn	8-13679-S,64-48121-B
cuó	21-47124-B,44-15320-B,44-18749-B,45-65414-B,63-48867-B,71-4700-B
cuó chuāng	36-36654-S,44-15347-B
cuān	27-14086-S,29-33573-B,36-54759-B,60-54523-B,64-35402-B
cuān bèng	60-54872-B
cuān duo	29-33632-B
cuān fáng yuè jǐ	60-54554-B
cuān huò	60-54758-B
cuān tiào	60-54829-B
cuān téng	60-54926-B
cuī	6-30180-B,21-43667-B,28-65149-B,34-42241-B,46-41208-B,50-25649-B,56-47833-B
cuī biàn	56-48482-B
cuī bī	6-32243-B
cuī chǎn	6-31622-B
cuī cán	28-65210-B
cuī cù	6-30421-B
cuī féi	6-31933-B
cuī féi jì	6-32002-B
cuī gǔ	6-32192-B
cuī huà	6-30458-B
cuī huà jì	6-30592-B
cuī huà zuò yòng	6-30526-B
cuī huā	51-14780-S
cuī huǐ	28-65261-B
cuī hào	21-44062-B
cuī hóng	21-44110-B
cuī lèi	6-31057-B
cuī lèi dà piàn	6-31207-B
cuī lèi dàn	6-31282-B
cuī lèi jì	6-31152-B
cuī lèi wǎ sī	6-31353-B
cuī mián	6-31695-B
cuī mián qǔ	6-31738-B
cuī mián shù	6-31858-B
cuī mián zhuàng tài	6-31790-B
cuī mìng	6-30776-B
cuī míng huì	21-43943-B
cuī nǎi	6-30865-B
cuī qíng	6-30959-B
cuī rǔ	6-30266-B
cuī rǔ jī sù	6-30359-B
cuī shú	6-31415-B
cuī shēng	6-31477-B
cuī shēng pó	6-31551-B
cuī tǎo	6-32131-B
cuī tǔ	6-30644-B
cuī tǔ jì	6-30705-B
cuī wéi	21-43816-B,21-43868-B
cuī yà lín	21-43727-B
cuī yá	6-32076-B
cuī yù zhé	55-45303-S
cuī yǒng yuán	21-44003-B
cuō	7-60079-S,8-62247-S,28-53446-B,29-15891-B,46-36885-B,60-49707-B
cuō róu	28-53521-B
cuō shāng	46-36928-B
cuō tuó	22-48329-S,31-7939-S,60-49749-B
cuō zhuó mó	8-62321-S
cuǐ	39-55924-B,43-2996-B,60-30433-B
cuǐ càn	43-3033-B
cuǐ càn duó mù	43-3073-B
cuǒ	43-2818-B,52-31882-B
cài	1-55249-S,1-55293-S,2-63668-S,4-19693-S,9-29841-S,12-58153-S,15-12827-S,15-64442-B,16-15144-S,17-28695-S,19-61981-S,20-670-B,20-68276-S,21-0-S,21-29523-S,21-50374-S,27-55137-S,28-7816-S,30-56196-S,34-26482-S,34-40262-S,35-25284-S,36-46073-S,37-23486-S,37-37253-S,37-51578-S,37-51942-S,37-52302-S,39-12576-S,40-29040-S,40-29090-S,40-35230-S,41-16513-S,41-48342-S,41-48674-S,43-15290-S,43-17387-S,43-29333-S,43-57739-S,44-38518-S,44-45122-S,46-9844-S,47-15942-S,47-46922-S,48-51889-S,49-11432-S,49-25154-S,53-52516-S,53-57763-S,53-60297-S,53-63250-S,54-29482-B,54-30744-S,54-60826-S,54-61349-S,55-6453-S,55-9521-S,55-11684-B,55-13351-S,55-17441-S,59-17641-S,63-45335-S,63-52312-B,64-16078-S,67-57695-S,67-57835-S,68-13659-S,69-5670-S,69-30269-S,70-41259-S,71-4351-S,71-41803-S
cài dì	54-29778-B
cài dān	54-29545-B
cài dān tiáo	54-29583-B
cài dōng fān	55-12027-B
cài guó qiáng	55-11908-B
cài huā	18-24113-S,34-26523-S,54-30186-B,68-13711-S
cài lún	55-11718-B
cài lǐ fó	55-11975-B
cài niú	54-29884-B
cài niǎo	54-30478-B
cài nóng	54-30427-B
cài pǔ	54-29665-B,54-30358-B
cài qí	54-29946-B
cài rú	54-30231-B
cài shì chǎng	54-29826-B
cài shū	54-30287-B
cài sè	54-30065-B
cài tái	49-29646-S
cài tīng	21-50426-S
cài xiāng	55-12096-B
cài yuán	54-29727-B
cài yuán péi	55-11839-B
cài yè	69-30323-S
cài yī lín	55-11766-B
cài zǐ	37-23554-S,53-52575-S,54-30008-B
cài è	55-12153-B
càn	19-16201-B,41-32943-B,43-3033-S,43-4242-B,48-51556-B
càn duó mù	43-3073-S
càn kuā kè	48-51614-B
càn làn	41-33012-B
càn làn duō cǎi	41-33075-B
càn ruò fán xīng	41-33166-B
cào	29-20480-B,52-7898-B
cào bī	29-21314-B,52-7945-B
cào dàn	52-7985-B
cái	2-25303-S,4-9911-S,4-10590-S,4-14809-S,4-14927-S,4-15763-S,4-26250-S,4-41069-S,7-36774-S,7-57468-S,9-3200-S,9-11896-S,9-28640-S,9-31348-S,9-33435-S,11-7134-S,11-68094-S,13-23701-S,14-35188-S,15-23453-S,16-38674-S,16-56285-S,16-57692-S,17-45840-S,17-47246-S,18-742-S,20-39715-S,22-52409-S,22-52506-S,23-3831-S,24-26652-S,24-34237-S,25-3836-S,25-37973-S,26-37150-B,30-3149-S,30-24895-S,32-53076-S,33-7003-B,34-24693-S,35-10145-S,35-65359-S,42-18392-S,42-21442-S,42-56823-S,44-30442-S,44-34284-S,46-20325-S,49-25082-S,50-35600-S,50-46768-B,53-4812-S,53-41777-S,54-6159-S,55-34181-S,56-21721-S,56-52966-B,58-62432-S,59-32684-B,59-39679-S,59-58222-S,60-56511-S,60-56804-S,61-37485-S,63-12109-S,64-40372-S,64-44995-S,66-58435-S,67-35371-S,68-43047-S,70-9788-S
cái bìng	56-53052-B
cái bó	59-33263-B
cái bù luò lèi	2-28312-S
cái bù yù	26-590-S
cái bǎo	59-33210-B
cái chè	56-53491-B
cái chǎn	7-56497-S,47-12827-S,59-33880-B
cái chǎn gōng zhèng	18-53337-S,59-33923-B
cái chǎn quán	59-34004-B
cái duàn	56-53533-B
cái duó	56-53397-B
cái duō yì	16-57758-S
cái dà lüè	66-53249-S
cái dìng	56-53450-B
cái dōng	59-33603-B
cái feng shī	18-22366-S
cái fá	59-34359-B
cái fèng shī	56-53893-B
cái féng	56-53841-B
cái fù	26-45192-S,59-33164-B
cái guǎng	58-62127-S
cái gàn	26-37630-B,32-33839-S
cái huá	9-1737-S,26-38226-B
cái huá chū zhòng	26-38287-B
cái huá gài shì	26-38512-B
cái huá héng yì	26-38405-B
cái hài mìng	58-51814-S
cái jiān bèi	24-26725-S
cái jiān wén wǔ	26-37237-B
cái jiǎn	56-53287-B,56-53640-B
cái jiǎn jūn bèi	56-53706-B
cái jué	56-53587-B
cái jìn	36-22525-S
cái jìn bǎo	27-43713-S
cái jī	33-7253-B
cái jīng	59-34118-B
cái jīng jí tuán	10-38385-S
cái jīng xīn wén	5-43280-S
cái jūn	56-53945-B
cái kuài	59-33546-B
cái liào	11-33605-S,12-16349-S,23-22274-S,29-50185-S,29-50915-S,33-7056-B,33-58940-S,35-45046-S,43-24969-S,56-54899-S,57-5321-S,66-40614-S
cái liào kē xué	33-7180-B
cái liào xué	33-7118-B
cái liǎng kōng	4-16429-S
cái lì	59-32797-B,59-32854-B
cái lù yòng	64-5925-S
cái lüè	26-37964-B
cái mào	59-34174-B
cái mào shuāng quán	26-38859-B
cái mí	59-34225-B
cái néng	26-38168-B,46-47004-S
cái nǚ mào	43-46166-S
cái pàn	56-53105-B
cái pàn guān	56-53236-B
cái pàn yuán	56-53183-B
cái quán	59-33658-B
cái qì	26-37797-B
cái qì guò rén	26-37845-B
cái qǐ yì	57-31255-S
cái shén	59-34066-B
cái shí	26-38686-B
cái shí guò rén	26-38739-B
cái shí xué	45-42521-S
cái shī jiào	14-60739-S
cái shū xué qiǎn	26-38019-B
cái sī	26-37682-B
cái tiān	61-37529-S
cái tuán	59-33114-B
cái wài liú	4-10097-S,26-37345-B
cái wù	59-32906-B,59-33828-B
cái wù mì shū	59-32956-B
cái wù ruǎn jiàn	59-33019-B
cái xiǎo yòng	17-18573-S,17-21856-S
cái xué	26-37565-B,42-56884-S
cái yuán	56-53329-B,59-33756-B
cái yì jì néng	26-38625-B
cái yī	45-32464-S,64-6912-S
cái yǒu dào	43-29895-S
cái zhàng yì	44-3099-S
cái zhèng	59-33308-B
cái zhèng bù	59-33481-B
cái zhèng nián dù	59-33371-B
cái zhì	26-37745-B
cái zhòng yì	44-3174-S
cái zhě	42-21487-S
cái zhǎng	59-34277-B
cái zhǐ jī	56-53777-B
cái zhǔ	59-32745-B
cái zūn xián	58-62485-S
cái zǐ	26-37401-B,36-58106-S
cái zǐ jiā rén	26-37448-B
cán	7-1959-S,8-31040-S,19-63997-S,25-48674-B,28-65210-S,31-35603-S,35-62128-B,37-17561-S,44-40690-S,51-10244-S,56-22552-B
cán bào	35-62680-B
cán cóng	56-22631-B
cán cún	35-62388-B
cán dí	35-62633-B
cán dòu	56-22675-B
cán dòu zhèng	56-22742-B
cán fèi	35-62528-B
cán hái	35-64000-B
cán ji ér	35-63350-B
cán juàn	35-62276-B
cán jí	35-63206-B
cán jí rén	35-63291-B
cán jí rén lián hé huì	2-59889-S
cán jú	35-62432-B
cán jīng	35-63544-B
cán kuì	25-48704-B
cán kù	35-63622-B
cán lián	2-60037-S
cán liú	35-63137-B
cán luǎn	56-22583-B
cán mín hài wù	35-62924-B
cán pò	35-63436-B
cán qiū	40-25493-S
cán quē	35-63487-B
cán rěn	35-62583-B
cán shā	35-62811-B
cán shā zhě	35-62853-B
cán shǒu quē	5-37556-S,27-13396-S
cán xiāng	35-63945-B
cán yuán	30-59637-S
cán yè	69-12890-S
cán yóu jì	51-28765-S
cán yú	35-63715-B
cán yú wù	35-63890-B
cán yú zhān rǎn	35-63812-B
cán zhàng	35-63668-B
cán zhā	35-63026-B
cán zhū	35-62770-B
cáng	1-40603-S,5-39034-S,6-59722-S,8-23047-S,10-17616-S,15-61077-S,23-0-S,28-2631-S,28-33740-S,29-42455-S,31-18486-S,31-62866-S,39-60534-S,42-43893-S,46-45215-S,46-52780-S,47-13422-S,47-56589-S,55-13542-B,55-30430-B,55-42896-S,56-16047-S,59-41687-S,60-57940-S,66-49441-S,70-50338-S
cáng chuán fó jiào	55-30692-B
cáng chù	66-49494-S
cáng duǒ	55-31859-B
cáng dāo	48-4982-S
cáng fǎ shī	1-40699-S
cáng gòu nà wū	55-30841-B
cáng huò xīn	10-17682-S,53-65639-S
cáng jiā	29-42509-S,29-42586-S
cáng jiān	48-5132-S,55-30908-B
cáng liàng	55-42973-S
cáng líng yáng	55-31611-B
cáng lóng	52-55143-S
cáng lóng wò hǔ	55-31912-B
cáng nì	55-30767-B
cáng ruò xū	38-51200-S
cáng shì	6-59775-S
cáng shēn	55-31791-B
cáng wū nà gòu	55-31174-B
cáng zhēn	50-13327-S
cáo	1-35616-S,5-58683-S,8-33115-S,14-27374-B,32-13230-B,34-46980-B,36-42301-S,37-19995-S,39-17906-S,39-47128-B,45-0-S,52-25101-S,53-39552-B,56-13132-B,60-15602-S,60-44728-S,64-51079-S,66-24446-S,69-2502-S,69-6937-S
cáo bù xīng	32-13295-B
cáo cāo	32-13505-B
cáo cāo cáo cāo jiù dào	58-32565-S
cáo cāo jiù dào	58-32565-S
cáo gāng chuān	32-13436-B
cáo jìng huá	32-13841-B
cáo kūn	32-13715-B
cáo pī	32-13387-B
cáo wèi	32-13975-B
cáo xiàn	32-13658-B
cáo xuě qín	32-13768-B
cáo yú	32-13607-B,60-65484-S
cáo yú zhāng	32-13910-B
cáo zhí	32-13556-B
cè	1-2064-S,2-17498-S,3-32575-S,4-59717-S,6-19524-B,6-20755-S,6-46302-S,7-43528-S,7-59745-S,8-7658-B,8-24614-S,8-45152-S,8-50250-S,10-3396-S,11-44209-S,12-20993-S,12-22917-S,12-53920-S,14-17128-S,15-12513-S,15-64010-S,19-53865-S,20-13970-S,20-48428-S,20-54437-S,21-57781-S,22-59124-S,23-4215-B,24-33444-S,25-27364-B,26-17900-S,26-31881-S,28-23264-S,28-31444-S,28-48106-S,29-40292-S,29-57422-S,33-11937-S,33-56882-S,35-13811-S,35-42869-S,37-0-S,38-48264-S,38-59039-S,39-3516-B,42-12680-S,42-20184-S,42-45557-S,43-54013-B,43-58192-S,45-9253-S,45-17480-S,46-58788-S,47-50351-S,48-21727-B,48-22889-B,48-41263-S,50-24589-S,50-46223-S,52-16781-S,52-52116-S,53-27543-S,53-42762-S,54-8989-B,56-43380-S,57-42930-S,57-59214-S,57-65873-S,58-5275-S,59-61449-S,61-21164-S,62-59091-S,65-29201-S,66-63913-S,68-8949-S,68-29547-S,70-5526-S,70-16969-S,71-38685-S
cè biān lán	6-19806-B
cè biǎo	37-44167-S
cè bèi yè	34-17009-S
cè bì	6-19643-B
cè cí	28-23468-S
cè duì chèn	7-43583-S
cè dì qū lǜ	39-3582-B
cè dì xiàn	39-3652-B
cè dì xiàn liàng xué	39-3805-B
cè dì xiàn qū lǜ	39-3723-B
cè dìng	29-49589-S,39-3996-B,43-25321-S
cè dìng fǎ	57-34430-S
cè dù	39-4052-B
cè féi	3-13152-S
cè fēng	6-19933-B,8-7822-B
cè fēng yún	17-48173-S
cè fǎ	34-37599-S
cè fǔ yuán guī	8-7926-B
cè gāo shēn	54-25804-S
cè gōu	16-43627-S
cè huà	1-2676-S,48-21774-B,48-22085-B
cè huì	39-4327-B
cè hēng	8-7713-B
cè jìng qì	39-4099-B
cè jù yí	39-4532-B
cè jī	30-67114-S
cè kòng	39-4151-B
cè liàn	6-20010-B
cè liàng xué	17-11475-S
cè liáng	39-4385-B,39-4602-B
cè liáng fǎ	1-42419-S
cè liè	16-43735-S
cè liè zhōu qū	16-43843-S
cè liè zhōu wéi	16-43994-S
cè lè	48-21839-B
cè lì	8-8016-B,48-21899-B
cè lüè	8-53783-S,48-22039-B,66-56845-S,68-47993-S
cè miàn	6-20088-B,16-53572-S
cè móu	48-22133-B
cè qì	4-63557-S,4-64195-S,7-10516-S,10-56692-S,28-23345-S,35-13913-S
cè shì	39-4441-B
cè shù	37-103-S
cè suàn	39-4259-B
cè suǒ	7-55970-S,23-4262-B
cè tiān	39-3880-B
cè tǎng	6-19745-B
cè wèi xīng	57-43056-S
cè yuán dì	48-21974-B
cè yàn	19-37531-S,36-20464-S,39-4665-B,65-49888-S,67-67687-S
cè yàn jié guǒ	39-4710-B
cè yí	21-51525-S,35-13854-S,70-8057-S
cè yùn	39-3946-B
cè zhòng	6-19875-B
cè zhě	37-160-S,57-43003-S
cè zhī	39-4208-B
cè zi	8-7776-B,20-61246-S
cè zì	28-23408-S
cè ěr	6-19684-B
cèng	60-51655-B
cèng chī cèng hē	60-51702-B
cèng hē	60-51702-S
cén	21-34532-B,31-33426-S,38-36658-B
cén gǒng	21-34640-B
cén xī	21-34579-B
céng	1-7455-S,1-48812-S,1-59464-S,2-15083-S,2-69475-S,2-74929-S,2-79282-S,2-83770-S,4-24245-S,4-67864-S,4-69861-S,6-40648-S,6-53313-S,7-27923-S,7-31196-S,10-14261-S,12-48896-S,15-30556-S,15-40398-S,15-68042-S,16-27175-S,16-47194-S,16-50105-S,17-23994-S,17-69985-S,19-1137-S,20-16372-S,20-52205-S,21-24724-B,21-25064-S,21-36660-S,21-47973-B,21-49699-S,21-56819-S,22-42773-S,22-60257-S,23-54755-S,25-60251-S,30-22755-S,30-58873-S,31-5744-S,32-15317-B,32-58517-S,34-50793-S,35-36999-S,37-13738-S,39-27828-S,41-5571-S,41-19343-S,41-54101-S,44-64914-S,45-43612-S,46-12118-S,46-12166-S,46-35094-S,46-44185-S,50-7045-S,50-9989-S,51-46346-S,51-46452-S,52-19782-S,53-17007-S,55-5306-S,55-18397-S,55-19026-S,56-39621-S,56-44293-S,56-45940-S,59-10340-S,59-51444-S,60-10308-S,60-10388-S,60-37179-S,60-51628-B,61-3149-S,61-24650-S,61-47169-S,61-67177-S,62-65794-S,63-12443-S,63-33609-B,64-56556-S,66-16300-S,66-39561-S,66-65308-S,67-18227-S,67-27926-S,67-39111-S,68-20284-S,68-34090-S,70-13500-S,71-62095-S,71-62188-S
céng chū bù qióng	21-24845-B
céng cái	16-56285-S
céng céng	21-25064-B
céng céng jiā mǎ	21-25116-B
céng cì	21-25317-B,48-8534-S
céng cì fēn xī mó xíng	16-56338-S
céng dà shà	16-56210-S
céng dǐng	2-75003-S,20-52279-S
céng fù	16-56451-S
céng hé shì yàn	17-24048-S
céng hēi sè sù liú	45-51507-S
céng jià gòu	1-27517-S
céng jiàn dié chū	21-25625-B
céng jiàn zhù	1-48860-S
céng jiā mǎ	21-25116-S
céng jī yún	21-25561-B
céng jīng	32-16427-B
céng jīng cāng hǎi	32-16545-B
céng jǐ hé shí	32-15821-B
céng kōng jiān	16-47252-S
céng liú	21-25410-B
céng luán dié zhàng	21-25215-B
céng lǐ	21-25513-B
céng lǚ guǎn	70-13556-S
céng miàn	10-48808-S,21-25772-B
céng qì	41-5628-S
céng shè yǐng	35-39858-S
céng shí	44-1257-S
céng shù	67-28000-S
céng tǎ	3-18823-S,14-18067-S
céng wén zì	38-49493-S,38-56474-S
céng xià shī yǔ zhèng	44-64954-S
céng xià sǔn shāng	9-25219-S
céng xiàn	30-58936-S
céng xié yì	50-7105-S
céng xiāng shí	4-62488-S
céng xué	15-40449-S
céng xìng	44-65052-S
céng xìng shì sǔn shāng	44-65106-S
céng xī	35-40010-S
céng yuè dú zhàng ài	38-49682-S
céng yìn quán	32-16733-B
céng yún	11-26604-S,21-25722-B,28-7651-S,67-14228-S,70-13642-S
céng yā	21-24980-B
céng zhuàng	21-25457-B
céng zhào xiāng shù	35-40133-S
céng zhèng zì fǎ	38-49597-S,38-56577-S
céng zi	21-25024-B
cì	1-12576-S,1-36017-S,1-38143-S,1-51102-S,1-58225-S,1-60727-S,3-36612-S,4-11455-S,4-61754-B,4-66632-S,5-12667-B,5-25244-S,5-55625-S,7-46314-S,8-4270-S,8-8140-S,8-9057-S,9-605-S,9-12429-B,11-41555-S,12-54315-S,12-56541-S,14-51067-S,16-59438-S,20-47423-S,21-24533-S,21-25317-S,22-28143-S,22-57858-S,25-3107-S,27-50748-S,27-64267-S,27-65442-S,27-68686-S,29-19189-S,32-8545-S,32-29405-S,33-31-B,34-38772-S,34-44149-S,35-12286-S,35-19985-B,35-41661-S,35-52886-S,36-6100-S,36-6897-S,36-13665-S,37-41977-S,39-55552-S,41-45143-S,42-7722-S,42-47210-S,45-47953-S,47-51203-S,48-8534-S,48-8985-S,48-10121-S,48-11323-S,48-47288-S,49-48008-B,50-20280-S,51-120-S,53-34334-S,54-27767-B,55-61396-B,56-39069-S,58-26363-S,58-47284-S,58-61356-S,59-56781-B,59-57436-S,60-47920-S,61-12846-S,61-16210-S,62-2303-S,62-5813-S,68-25152-S,68-32266-S,69-22582-S,69-65107-S,70-16855-S
cì 5r	9-12562-B,26-59234-S,27-65529-S
cì 5r huà	9-12686-B
cì bù	49-48071-B
cì bǎi	9-13026-B
cì chuān	9-13806-B
cì chuō	9-12935-B
cì duō xiàng shì	3-36881-S
cì dà lù	35-20417-B
cì dà zhàn	3-36968-S
cì dài	35-21838-B
cì dì	35-21322-B
cì dāo	9-12846-B,27-50795-S
cì děng	35-21386-B
cì er lǐ	9-12635-B
cì er tóu	9-12755-B
cì fú	59-56872-B
cì fāng	1-36148-S,3-37035-S,35-20831-B,65-29737-S
cì fāng chéng	1-12835-S,1-36210-S,3-37102-S
cì fāng chéng shì	1-12907-S
cì fēn xī mó xíng	16-56338-S
cì guān	35-20591-B
cì gé mìng	3-37345-S
cì gěi	59-56912-B
cì gōng kāi zhāo gǔ	69-22634-S
cì gǎn	26-22179-S
cì gǔ	9-14099-B
cì huái	9-13074-B
cì huò	35-21770-B
cì hán shù	1-12660-S,3-36809-S
cì hòu	4-61839-B
cì jí	35-21444-B
cì jí dài kuǎn	35-21485-B
cì jī	9-13198-B
cì jī jì	9-13274-B
cì jī qún	9-13657-B
cì jī qǐ dòng bù tóng bù	9-13330-B
cì jī sù	9-13601-B
cì jī wù	9-13551-B
cì jī xìng	9-13440-B
cì jī xìng dú jì	52-14589-S
cì jīng	35-21580-B
cì kè	9-12886-B
cì kè hǎi	63-29169-S
cì lǜ suān	35-20941-B
cì mì	1-36088-S
cì nǚ	35-20502-B
cì páng pí	53-23104-S,60-26528-S
cì pín	35-21705-B
cì pǐn	35-20286-B
cì qīng	9-14059-B,15-2778-S
cì qū miàn	3-37268-S
cì qū xiàn	1-36290-S,3-37177-S
cì qū yù	17-25713-S
cì qū yù hé zuò	17-25828-S
cì rì	35-20890-B
cì shì jiè dà zhàn	3-36720-S,48-9058-S,48-11398-S
cì shù	35-20704-B,51-862-S
cì shā	9-13141-B
cì shāng	9-12506-B
cì shēng	35-21082-B
cì shēng bō	35-20357-B
cì shēng lín	35-21142-B
cì shēng zāi hài	35-21214-B
cì sān fān	22-57903-S
cì tàn	9-12990-B
cì tòng	9-13722-B
cì tóng xiāng	54-27808-B
cì tǐ	31-49255-S,47-60494-S,47-61324-S
cì wèi	9-14018-B
cì wén huà	35-20777-B
cì wēi jī	62-5865-S
cì xiù	9-13878-B
cì xiù pǐn	9-13920-B
cì xiù suān	35-21016-B
cì xìng	1-12737-S
cì xù	28-15525-S,32-35993-S,35-20658-B
cì yà liú suān nà	35-20188-B
cì yào	35-21663-B
cì yùn	35-22055-B
cì yú	6-49950-S
cì yī gè	35-20046-B
cì yǔ	59-56822-B,59-56962-B
cì zhòng liàng jí	35-21923-B
cì zhù shì shí jiān	69-22742-S
cì zhī	35-20107-B
cì zhǎng	35-22008-B
cì zǐ	35-20549-B
cì ěr	9-13974-B
cí	1-74866-S,2-5526-S,2-32102-S,3-7731-S,4-15256-S,4-20996-S,4-23925-S,4-24050-S,4-30600-S,4-33471-S,5-49410-S,6-1219-S,6-9460-S,6-13029-S,7-4157-S,7-11408-S,8-58389-S,9-29788-S,9-33576-S,9-50233-S,9-61173-S,9-61830-S,9-68870-S,9-69613-S,10-847-S,10-2085-S,10-2434-S,11-11642-S,11-17254-S,11-42618-S,11-52371-S,11-54751-S,12-1333-S,12-19882-S,12-33954-S,12-49358-S,12-50917-S,12-52742-S,12-58563-S,12-58923-S,12-68373-S,13-9678-S,13-33042-S,13-56542-S,14-21639-S,14-22598-S,14-27250-S,14-41879-S,14-42719-S,14-42880-S,15-54699-S,16-22204-S,16-43514-S,16-62579-S,16-65119-S,18-41502-S,18-52761-S,18-52930-S,18-56455-S,19-6594-S,19-35386-S,19-43866-S,20-2906-S,20-14760-S,20-38505-S,20-39376-S,20-47961-S,20-56272-S,21-19753-S,23-50063-S,23-52634-S,23-54034-S,23-54089-S,25-2315-S,25-11509-S,25-11564-S,25-40401-S,25-44677-B,25-58426-S,26-52601-S,27-18086-S,27-60687-S,27-70445-S,27-70599-S,28-1020-S,28-1075-S,28-23468-S,28-32498-S,28-34226-S,28-42301-S,28-58045-S,29-37873-S,29-62394-S,30-12654-S,30-24091-S,32-66211-S,33-34926-S,33-66113-S,34-30585-S,35-26497-S,35-43849-S,36-11218-S,36-52428-S,38-1212-S,38-49814-S,39-58468-S,39-60390-S,42-49605-S,43-12337-B,43-29555-S,43-35947-S,44-3957-S,46-31176-S,46-34584-B,46-55121-S,46-58913-S,46-63245-B,47-9912-S,48-21328-S,48-60604-B,49-918-S,49-42634-S,51-2593-S,51-59854-S,52-27507-S,53-19840-S,53-20047-S,53-20766-S,53-21966-S,54-8001-B,54-9039-B,55-6295-S,56-38598-S,57-5394-S,57-52289-S,57-56040-S,57-56531-S,57-65032-S,57-65614-S,58-6232-S,58-8975-B,58-14680-S,58-23668-S,58-24897-S,58-25967-S,58-27797-S,58-45145-S,58-52216-S,58-53893-S,58-55506-S,58-57297-S,58-61160-S,59-2815-S,59-24198-S,59-44738-S,59-50245-S,59-55900-S,60-2375-S,60-17642-S,61-36249-B,61-38059-S,61-38977-S,61-48686-S,62-19792-S,62-22257-S,62-23680-S,62-23873-S,62-25290-S,62-43988-S,62-64061-S,64-6707-S,64-48613-S,64-51247-S,65-25835-S,65-34111-S,65-57484-S,66-31578-S,66-49033-S,66-61001-B,67-32909-S,67-42787-S,67-42985-S,67-63567-S,68-28026-S,68-43320-S,69-9403-S,69-10253-B,69-47016-S,69-47142-S,70-59272-B,71-2344-S
cí 5r	46-31423-S
cí bà	25-37845-S
cí bēi	25-45217-B
cí běn	43-29720-S
cí bō	67-33432-S
cí bǎo	55-25899-S
cí cháng xiào yìng	58-11452-B
cí chéng xiàn	54-9093-B
cí chóng dié	10-2207-S
cí chóng fù cè yàn	67-67687-S
cí chǎn shēng qì mó xíng	14-21676-S
cí chǎng	15-43724-S,46-35045-B,67-33136-S
cí céng	46-35094-B
cí diào	61-36690-B
cí dié	7-11458-S,61-3625-S
cí dié cí	6-9460-S
cí dié jī	7-11539-S
cí diǎn	24-35343-S,44-55617-S,56-50557-S,58-9232-B,60-43956-S,61-36483-B,68-47614-S
cí diǎn yǔ yīn jiā gōng	9-23712-S
cí duó lǐ	23-45173-S,23-45295-S
cí dài	45-3657-S,46-35156-B
cí dài jī	46-35202-B
cí dān jí zǐ	46-34975-B
cí fú	46-35851-B
cí fǎ yì shí	34-43856-S
cí gu	25-45156-B,54-9169-B
cí guān	61-36629-B
cí guī zé	3-64103-S
cí gàn qǐ dòng	58-9421-B
cí gòng zhèn	33-61104-S,46-34634-B
cí gòng zhèn chéng xiàng	46-34698-B
cí gòng zhèn chéng xiàng shù	9-49967-S
cí gān rǎo	67-33266-S
cí gēn	58-10178-B
cí gēn yǔ	58-11308-B
cí gǎn xiàn	46-35460-B
cí gǎn yìng	46-35307-B,67-33350-S
cí gǎn yìng qiáng dù	46-35370-B
cí huà	46-34865-B
cí huà tǐ	12-15464-S
cí huáng	18-32412-S,66-61619-B
cí huì	15-69640-S,58-9530-B
cí huì dān yuán	3-64021-S
cí huì fēn jiě	58-9625-B
cí huì jiā gōng	9-23822-S,24-1597-S
cí huì jiē duàn	9-24032-S
cí huì pàn duàn	58-9701-B
cí huì pàn duàn fǎ	58-9969-B
cí huì pàn duàn rèn wù	58-9773-B
cí huì pàn duàn zuò yè	58-9871-B
cí huì tōng lù	58-10056-B
cí huì yǔ yīn jiā gōng	9-23908-S
cí huā	66-61255-B
cí hài zhì	1-67379-S,1-67577-S
cí hàn	61-36855-B
cí hé ní wéi sī	51-45439-S
cí hòu bì	10-62560-S
cí hòu lǐ	10-62653-S
cí hǎi	61-36816-B
cí hǎi mò shì bìng	66-8735-S
cí jié gòu	10-2123-S
cí jiān róng xìng	67-32958-S
cí jí	46-35749-B
cí jù	58-9331-B
cí jī	57-65525-S
cí jī sù	66-61193-B
cí jǔ	46-36164-B
cí kè	4-50326-S,68-32924-S
cí kòng guǎn	46-35604-B
cí kǎ	43-29655-S,46-34910-B
cí làn diào	66-29605-S
cí láo kǔ	2-32995-S
cí lèi	6-38622-S,58-11727-B
cí lì	25-44740-B
cí lì xiàn	46-34800-B
cí lìng	58-9046-B,61-36402-B
cí miào	46-63404-B
cí mài chōng	33-63513-S,67-33496-S
cí mù	46-63350-B,58-10368-B
cí piàn	46-35925-B
cí pán	46-26024-S,46-36041-B,61-3569-S
cí pán qū dòng qì	46-36089-B
cí pín lǜ xiào guǒ	63-35303-S
cí pín xiào yìng	58-11640-B
cí pǔ	44-49050-S
cí qiáng yìng	28-34290-S
cí qióng	42-54230-S
cí qì	43-12384-B,55-19661-S,66-31641-S
cí qì quān	46-35794-B
cí qù	61-36580-B
cí ruǐ	66-61301-B
cí rén	46-31310-S
cí shàn	25-44797-B
cí shàn chōu jiǎng	25-44938-B
cí shàn jiā	25-44852-B
cí shàn jī gòu	25-45019-B
cí shàn zǔ zhī	25-45081-B
cí shì	61-36316-B
cí shí	25-45399-B,46-36211-B
cí shí bié	11-69946-S
cí shēng zhí	19-13898-S
cí shū xué	61-36740-B
cí sòng	10-16004-S
cí sù	58-10599-B
cí sù cí	57-5394-S
cí sù jié gòu	58-10639-B
cí sù tōng dá mó xíng	58-10716-B
cí sān chún	66-61029-B
cí sǒng tīng	11-23434-S
cí tiáo	46-35695-B,50-21787-S,58-10260-B
cí tiě	36-48552-S,46-36362-B,67-33581-S
cí tiě kuàng	46-45107-B
cí tuì	61-37012-B
cí táng	46-63288-B
cí tóu	46-36401-B,58-11601-B
cí tōng dá mó xíng	58-11369-B
cí tōng liàng	46-36302-B
cí tǎn	37-41188-S
cí tǎn gōng gào	37-41238-S
cí tǎn huì yì	37-41323-S
cí tǐ	46-36448-B,58-11813-B
cí wàn jí lā yī	54-9230-B
cí wò ěr dé	47-21454-S
cí wěi	58-9382-B
cí wǎ nà	11-9766-S,11-9826-S
cí xiàn	46-36250-B
cí xiàng luó ji	58-11529-B
cí xiáng	25-45447-B
cí xióng	1-13600-S,66-61340-B
cí xióng tóng tǐ	66-61390-B
cí xióng tóng tǐ rén	66-61462-B
cí xióng yì sè	66-61547-B
cí xiāng sì xiào yìng	58-10416-B
cí xuán fú	46-35526-B
cí xué	5-49451-S,67-33205-S
cí xìng	46-35255-B,58-10124-B,66-61081-B
cí xìng jiē kǒu	66-61121-B
cí xù	58-9488-B
cí xī	25-45324-B
cí xīn kǔ	2-33145-S
cí xǐ	25-45523-B
cí xǐ tài hòu	25-45607-B
cí yuán	58-10310-B
cí yuē zhǐ míng	58-10507-B
cí yì	58-11093-B
cí yì cháng	46-35972-B
cí yú	43-29785-S
cí yōu xiào yìng	58-9152-B
cí yǔ	58-11200-B
cí yǔ huì	58-11255-B
cí zhuì	58-10872-B
cí zhuì bō chú	58-10961-B
cí zhuān	43-12435-B
cí zhí	61-36932-B
cí zào shēng	67-33057-S
cí zǎo	42-39217-S,58-11142-B,61-36971-B
cí zǔ	58-10824-B
cí ài	25-45255-B
cí ér bié	2-33063-S
cí ēn sì	17-18053-S
còu	27-52496-S,39-9185-B,50-14770-S,50-14817-S,52-39036-B,61-17150-B,67-5049-S
còu chéng	39-9440-B
còu hé	39-9254-B
còu miǎo zǐ xiàn quān	50-14957-S
còu qiǎo	2-17557-S,39-9368-B
còu qí	39-9784-B
còu rè nào	39-9651-B
còu shǒu	39-9574-B
còu xíng chē	50-14883-S
cóng	4-6810-S,4-9258-S,4-42919-S,5-24622-S,5-44150-S,11-66768-B,14-17477-S,20-43346-S,24-5835-B,24-9875-B,25-8916-B,29-18794-S,32-43636-S,38-42726-B,39-44141-B,39-56340-B,40-17657-S,40-51147-S,40-53763-S,42-58449-B,45-19691-S,50-47318-S,52-426-S,53-5914-S,53-54657-S,54-13921-S,56-22631-S,59-59646-B,60-38054-S,62-68385-S,66-43690-S,68-23819-S,69-45615-S
cóng bù	24-10099-B
cóng cǐ	24-11893-B
cóng huà	24-10887-B
cóng jiāng	24-11960-B
cóng jìng	56-30838-S
cóng jù	2-71287-S,12-23010-S,59-55981-S
cóng jīn	24-10372-B
cóng jīn yǐ hòu	24-10418-B
cóng kǒu rù	44-9865-S
cóng lái	24-10484-B
cóng lái bù	24-10575-B
cóng lái méi	24-10625-B
cóng lái méi yǒu	24-10676-B
cóng lín	11-66838-B
cóng méi	24-12029-B
cóng mìng	24-11014-B
cóng nà shí hòu	24-12139-B
cóng qián	24-10832-B
cóng qù nián	24-10953-B
cóng róng bù pò	24-11421-B
cóng shàn rú liú	24-11114-B
cóng shì	24-10189-B
cóng shì yán jiū	24-10279-B
cóng shēng	11-66913-B
cóng shǔ	24-11552-B
cóng sì dé	1-34468-S
cóng tiān jiàng	14-8065-S
cóng tóu	24-12223-B
cóng tóu dào jiǎo	24-12369-B
cóng tóu dào wěi	24-12277-B
cóng wài biǎo lái kàn	24-11253-B
cóng wèi	24-11692-B
cóng wén	37-5033-S
cóng xiǎo	24-11491-B
cóng xīn	9-44949-S
cóng xīn suǒ yù	24-11598-B
cóng yè	24-11732-B
cóng yè rén yuán	24-11787-B
cóng yī ér zhōng	24-9982-B
cóng yōu	24-10756-B
cóng zhōng	24-10138-B
cóng zhǔ rén	12-56131-S
cóng zǐ	19-2594-S
cóng ér	24-12093-B
cù	4-32070-S,5-30944-B,5-51916-S,6-30421-S,9-45228-S,9-57093-S,10-19674-S,10-59239-S,10-63085-B,12-27831-S,21-16617-S,24-57383-S,27-4217-S,30-10182-S,31-59263-S,36-65704-S,41-40268-S,42-12864-B,44-19548-B,44-46818-S,45-55921-S,45-65485-S,48-35322-B,48-61576-S,53-59036-S,55-11630-B,60-48010-B,60-48070-B,60-50238-B,60-51966-B,61-52046-S,63-47145-B,66-30153-S,69-4375-S,69-30904-S,70-20202-S
cù chéng	5-31122-B
cù dòng	5-31077-B
cù jiāng cǎo	63-47456-B
cù jìn	5-31216-B
cù jìn huì	2-60155-S
cù lì	49-13774-S,63-47174-B,71-33427-S
cù lǐ jǐ	48-61688-S
cù qǐng	5-31175-B
cù rán	42-12900-B
cù ròu	48-61624-S
cù shēng	24-57447-S
cù shǐ	5-31008-B
cù suān	8-19869-S,63-47216-B
cù suān xiān wéi	63-47356-B
cù suān yǐ zhǐ	63-47279-B
cù xiào jì	3-16474-S
cù xiāo	5-31295-B
cù yú	48-61761-S
cùn	7-59267-S,8-51516-S,12-45119-B,20-31427-B,34-54178-S,37-9077-S,54-2912-S,64-5810-S,68-37146-S
cùn cǎo bù shēng	20-31799-B
cùn duàn	52-9457-S
cùn guāng	71-49967-S
cùn guāng yīn	20-31887-S
cùn guāng yīn yī cùn jīn	1-6909-S
cùn jìn chǐ	24-7495-S
cùn jīn	1-6909-S
cùn jīn nán mǎi cùn guāng yīn	20-31887-B
cùn kǒu	20-31477-B
cùn kǒu mài	20-31604-B
cùn kǒu pào	10-45272-S
cùn mài	20-31707-B
cùn tiě	26-34707-S
cú	23-64862-B,35-60148-B
cún	3-11681-S,3-45615-S,5-11900-S,5-24336-S,5-35286-S,6-59265-S,7-27662-S,7-71577-S,13-4233-S,19-7194-B,20-1492-S,20-32862-S,22-51225-S,22-66124-S,35-62388-S,36-50070-S,39-19979-S,39-20099-S,42-49958-S,43-20066-S,43-48920-S,45-66207-S,47-39083-S,49-40806-S,50-61764-S,55-16020-S,59-41275-S,62-65609-S,65-13098-S,65-25313-S,70-22638-S
cún bù	19-8349-B
cún chē chù	19-8564-B
cún chē chǎng	19-8508-B
cún chǔ	19-7424-B,20-1626-S
cún chǔ qì	10-0-S,12-14004-S,19-7472-B,28-50293-S,66-44139-S,67-62135-S,70-22699-S
cún dàng	19-7951-B
cún fàng	19-7846-B
cún guǎn	59-41394-S
cún gēn	19-7913-B
cún huò	19-8469-B
cún huó	19-8190-B
cún huó lǜ	19-8264-B
cún hù	19-7731-B
cún jí bìng	39-24288-S
cún kuǎn	19-8019-B,37-64984-S,64-28894-S
cún kuǎn zhǔn bèi jīn lǜ	19-8090-B
cún liàng	19-8635-B
cún mó xíng	34-37144-S
cún néng lì	33-60724-S
cún qián	19-8679-B
cún qì	20-1565-S,59-41328-S,64-52519-S
cún qǔ	19-7529-B,66-44063-S
cún qǔ cún chǔ qì	66-44139-S
cún qǔ jì yì tǐ	66-44251-S
cún qǔ jí guǎn lǐ	35-12100-S
cún shí wáng	12-55480-S
cún shōu yì	43-49006-S
cún wáng	19-7249-B,43-21551-S
cún wáng yōu guān	19-7317-B
cún wèi	12-6883-S
cún xiàn jīn	22-66195-S
cún xìng	7-71622-S
cún xù	19-8416-B
cún xīn	19-7685-B
cún yì	36-53676-S
cún zhé	19-7793-B
cún zhě	22-51284-S
cún zài	19-7568-B
cún zài zhǔ yì	19-7616-B
cā	14-1891-S,27-68448-S,29-1015-S,29-25752-B,33-29870-S,35-6352-S,35-6403-S,46-39475-S
cā 5r	33-29920-S
cā biān qiú	29-26644-B
cā bàng qiú	29-26260-B
cā diào	29-26222-B
cā gān	29-25844-B
cā hēi er	29-26751-B
cā jiān ér guò	29-26557-B
cā liàng	29-25888-B
cā liàng yǎn jīng	29-25932-B
cā lì	29-1055-S
cā shì	29-26176-B
cā shāng	29-26047-B
cā wǎn bù	29-26441-B
cā wǎng qiú	29-26504-B
cā xiě	12-13953-S,29-26135-B
cā xiě kě biān chéng zhī dú cún chǔ qì	12-14004-S
cā xǐ	29-26313-B
cā yīn	14-5021-S,29-26709-B
cā zǎo	29-26356-B
cā zǔ lì	29-1105-S
cāi	18-58915-S,40-56780-S,42-12401-B
cāi cè	42-12680-B
cāi dù	42-12432-B
cāi jì	42-12489-B
cāi mí er	42-12802-B
cāi quán	42-12618-B
cāi xiǎng	13-43080-S,42-12550-B
cāi yí	42-12737-B
cān	3-741-S,7-26901-S,8-60129-S,10-54242-S,11-38732-B,17-41246-S,18-10816-S,21-11012-S,22-61528-S,23-8657-S,24-49379-S,31-15891-S,31-45787-S,32-20409-S,32-20696-S,43-36115-S,51-52360-S,51-56167-S,53-1647-S,57-24309-S,61-64217-S,63-39037-S,64-4592-S,66-60256-S,68-63808-S,69-8816-S,69-13214-B,69-20564-S,69-55709-B
cān bài	11-39470-B
cān bù	24-49501-S
cān chē	69-13655-B
cān diàn	24-49440-S
cān guān	11-40351-B
cān guǎn	3-802-S,69-13745-B
cān guǎn zhèng hòu qún	2-65048-S
cān huì	10-54289-S
cān jiàn	11-40282-B
cān jiā	11-38996-B
cān jiā lǜ	63-441-S
cān jiā zhě	11-39065-B
cān jù	69-13245-B
cān jīn	69-13348-B
cān jīn zhǐ	69-13388-B
cān jūn	11-40977-B
cān kǎo	11-39783-B
cān kǎo shū	11-39859-B
cān kǎo xiāo xī	11-39913-B
cān kǎo xì	11-40026-B
cān liàng	11-41103-B
cān liàng kōng jiān	11-41200-B
cān liǎng yuàn	11-38922-B
cān móu	11-40429-B
cān móu bù	50-32307-S
cān móu zhǎng	11-40566-B,50-32400-S
cān móu zǒng zhǎng	11-40488-B
cān pái	69-13617-B
cān shì	69-13303-B
cān shí jiān	43-36163-S
cān shù	11-39562-B,23-35861-S,35-34143-S
cān shū	49-7064-S
cān sài	11-40787-B
cān sài zhě	11-40860-B
cān sūn	11-39121-B
cān tái	51-52444-S
cān tīng	31-1641-S,62-17454-S,69-13455-B
cān xuǎn rén	11-41027-B
cān yuè	11-41296-B
cān yì	11-40627-B
cān yì yuàn	11-40736-B,51-3299-S
cān yì yuán	11-40684-B
cān yù	11-40088-B
cān yù zhě	11-40144-B
cān yī dùn	69-8881-S
cān yǐn	44-51731-S,69-13705-B
cān yǐn jí tuán	44-51840-S
cān zhuō	69-13501-B
cān zhuō yán	69-13561-B
cān zhào	11-39607-B
cān zhào xì	11-39695-B
cān zàn	11-40917-B
cāng	3-40367-S,5-51848-B,5-55410-S,6-27950-B,8-27489-B,9-23423-S,17-55955-S,17-60364-S,19-42751-S,20-6088-S,20-6144-S,21-35794-S,23-48176-S,28-32660-S,30-34580-S,31-17482-S,31-61815-S,33-4264-S,39-25646-B,41-24255-S,47-36726-S,47-44823-S,48-45234-S,49-113-S,49-53133-S,49-60781-S,52-60671-S,53-39420-B,55-2676-B,55-4017-S,56-12980-B,59-37178-S,60-62124-S,66-26644-S,68-38936-S,69-49955-S,70-38339-S,70-58254-B
cāng bái	55-3598-B
cāng bái sè	55-3641-B
cāng chá kù	38-58806-S
cāng chǔ	5-51957-B,59-51075-S
cāng cuì	55-3767-B
cāng cù	5-51916-B
cāng cāng	55-4017-B
cāng dì qū	52-60745-S
cāng huáng	5-52070-B,55-4335-B
cāng huáng chū táo	5-52126-B
cāng hǎi	32-16545-S
cāng hǎi sāng tián	39-25878-B
cāng hǎi yí zhū	39-26042-B
cāng jié	5-52225-B
cāng jiāng	40-17188-S
cāng jìn	55-2760-B
cāng kù	5-52010-B
cāng liáng	55-3304-B
cāng lù	55-4296-B
cāng lā hù zú zì zhì xiàn	40-17048-S
cāng lǎo	55-3809-B
cāng máng	55-3899-B
cāng mén	68-63733-S
cāng mǎng	55-3972-B
cāng nán	55-2870-B
cāng qióng	55-3707-B
cāng qū	10-28852-S,33-4349-S
cāng shì	52-60841-S
cāng shān	55-2981-B
cāng shēng	55-3418-B
cāng shēng tú tàn	55-3502-B
cāng shǐ jié tuán	21-35836-S
cāng shǔ	5-52311-B
cāng sāng	69-8131-S
cāng sōng cuì bǎi	55-3049-B
cāng tiān	55-2936-B
cāng wèi	53-39480-B
cāng wú	55-3166-B
cāng wú xiàn	55-3229-B
cāng xié	5-52268-B
cāng xī	55-3355-B
cāng ying	55-4087-B
cāng ying zuò	55-4131-B
cāng yuàn	35-33771-S
cāng yuán wǎ zú zì zhì xiàn	39-26130-B
cāng yán	44-63362-S
cāng yù	55-4198-B
cāng yīng	55-4253-B
cāng zhōu	39-25717-B
cāng zhōu shì	39-25792-B
cāo	6-18764-S,8-39893-S,25-14238-S,29-20338-B,31-13857-S,32-13505-S,35-42486-S,39-57177-S,48-28975-S,48-49641-S,48-61958-B,53-11911-S,55-32803-S,70-7382-S
cāo chi	29-21417-B
cāo chǎng	29-21202-B
cāo cáo cāo jiù dào	58-32565-S
cāo diǎn	29-20960-B
cāo duō shì	29-21986-B
cāo dāo shǒu	29-21005-B
cāo fǎ	29-21698-B
cāo fǔ fá kē	29-21528-B
cāo jiù dào	58-32565-S
cāo kè	29-22096-B
cāo kòng	29-21469-B
cāo liàn	29-21789-B,33-58852-S
cāo lián hé huì	15-21096-S
cāo láo	29-21142-B
cāo miàn nèi zhì wǎng	48-62006-B
cāo qiè	29-21098-B
cāo shèng quàn	47-43080-S
cāo shǒu	29-21261-B
cāo xìng	3-45024-S
cāo xíng	29-22041-B
cāo xīn	29-21369-B
cāo yǎn	29-21742-B
cāo zuò	29-20540-B,62-58958-S,67-34445-S
cāo zuò de yì shù	12-13833-S
cāo zuò huán jìng	20-13610-S,29-20687-B
cāo zuò sù lǜ	29-20891-B
cāo zuò tái	29-20606-B
cāo zuò xì tǒng	29-20766-B,50-7505-S
cāo zuò zhě	29-20838-B
cāo zòng	29-21838-B
cāo zòng zì rú	29-21894-B
cēn	21-47252-B
cēn cī	11-39296-B
cēn cī bù qí	11-39371-B
cēng	14-33946-B
cēng tāng	13-15611-S
cī	6-19277-B,11-39296-S,13-5675-S,17-37103-S,21-63512-B,29-11900-S,40-815-S,42-60985-S,44-6433-B,70-3487-B
cī 5r	27-67977-S
cī bù qí	11-39371-S
cōng	5-58595-S,10-19637-B,10-19726-S,14-62986-B,17-34122-S,24-9829-B,34-50216-B,37-51981-S,38-50475-S,41-2086-S,43-2855-B,43-3136-B,49-34197-S,51-64429-B,55-9329-B,55-12707-B,55-12952-S,56-7976-S,64-27057-S,64-50073-B,64-58564-B,67-58218-S,69-55796-B,70-30705-S
cōng cuì	55-12858-B
cōng cù	10-19674-B
cōng cōng	10-19726-B,55-12952-B,70-30705-S
cōng huáng	55-13195-B
cōng huì	51-64512-B
cōng huā	55-12904-B
cōng lóng	55-13014-B
cōng lǐng	55-12751-B
cōng lǜ	55-12817-B
cōng ming	49-47813-S,51-64647-B,53-684-S
cōng ming guò tóu	51-64967-B
cōng máng	10-19771-B
cōng mén	14-63024-B
cōng mìng	25-4160-S,46-43320-S
cōng míng	53-575-S
cōng míng fǎn bèi cōng míng wù	51-64742-B
cōng míng wù	51-64742-S
cōng mǐn	51-64571-B
cōng róng	24-11368-B
cōng shù	34-50262-B
cōng tóu	55-13066-B
cōng yù	55-13126-B
cōng yǐng	51-65062-B
cū	28-1691-S,36-29813-S,45-67096-S,48-48649-B,57-46866-B,71-8959-B,71-11047-B
cū bào	48-49320-B
cū bèn	48-49572-B
cū cāo	48-49641-B
cū dà	48-49148-B
cū huà	48-49973-B
cū kǒu	48-48984-B
cū liáng	48-49691-B
cū liè	48-48830-B
cū liè zuò pǐn	48-48869-B
cū lì	48-48930-B
cū lüè	48-49417-B
cū lǔ	48-50350-B
cū mián bù	1-16326-S
cū qiǎn	48-49364-B
cū shā	48-49535-B
cū shū	48-49490-B
cū sì liào	48-50187-B
cū sú	48-48718-B
cū sú de jiē jí	48-48756-B
cū tuǐ	27-13572-S
cū tǐ	48-50250-B
cū tǐ zì	48-50297-B
cū xì	48-49746-B
cū xīn	48-49196-B
cū xīn dà yì	48-49237-B
cū yán	48-50400-B
cū yě	48-50120-B
cū yǎ	48-49045-B
cū yǔ	48-50067-B
cū zhuàng	48-49097-B
cū zhì làn zào	48-49824-B
cū zhī	17-6780-S
cūn	1-33639-S,2-73483-S,2-79477-S,2-83994-S,3-64507-S,4-23022-S,10-55722-S,17-59944-S,18-16822-S,21-30028-S,32-53113-S,33-6930-S,33-7292-B,33-26235-S,33-31376-S,33-34288-S,33-66689-S,45-999-B,51-943-S,54-17793-S,61-40900-S,63-18358-B,63-30294-S,69-34690-S,69-41348-S
cūn huí zú zì zhì xiàn	19-10759-S
cūn hé zuò huà	61-40953-S
cūn liè	45-1037-B
cūn luò	33-7651-B
cūn lè	68-12562-S
cūn mín	33-7558-B
cūn qū	13-12716-S
cūn shàng · chūn shù	33-7322-B
cūn shān fù shì	33-7452-B
cūn xiāng	17-21995-S
cūn zhuāng	33-7600-B
cūn zhèn	33-7692-B
cūn zhēng yàn	70-15983-S
cūn zhǎng	33-7741-B
cūn zi	33-7413-B
cǎ	46-43678-B
cǎ chuáng 5r	46-43769-B
cǎi	2-71007-S,4-4436-S,5-56104-S,7-8816-S,7-66798-S,9-30778-S,11-7561-S,14-10110-S,14-10311-S,14-10683-S,14-55541-S,16-55646-S,16-57827-S,20-7956-S,21-13509-S,23-40655-S,23-55869-B,23-62670-S,28-20658-B,37-11378-S,37-11464-S,39-37240-S,40-59150-S,40-59265-S,41-33075-S,42-56241-S,43-60974-S,45-57149-B,46-61894-S,48-53214-S,49-41371-S,50-11243-B,53-44612-S,53-55691-S,54-33942-S,59-20228-S,59-20682-S,59-22108-S,60-45956-B,60-48114-B,63-52275-B,65-36055-S,68-54836-S,68-57782-S
cǎi bàn	28-22628-B
cǎi bàng	23-56244-B
cǎi bīn fēn	3-50545-S
cǎi bǐ	9-29084-S
cǎi chū	28-20836-B
cǎi chǎng	28-21078-B
cǎi diàn	23-56310-B
cǎi diàn shì	23-56353-B
cǎi duó mù	7-8887-S
cǎi fá	28-20738-B
cǎi fú	61-54221-S
cǎi fēi yáng	46-62079-S
cǎi fēng	28-22859-B
cǎi fǎng	28-22246-B
cǎi fǎng jì zhě	28-22341-B
cǎi guāng	28-20779-B
cǎi guǒ	28-21356-B
cǎi gòu	28-22465-B
cǎi gòu yuán	28-22556-B
cǎi huà	23-56041-B,36-41001-S
cǎi hóng	23-56202-B
cǎi jué	28-21119-B
cǎi jí	28-22795-B
cǎi kuàng	28-21872-B
cǎi kuàng yè	28-21914-B
cǎi liè	53-26121-S,53-26242-S
cǎi lán zèng sháo	28-22108-B
cǎi lù	28-22744-B
cǎi mián jī	28-21403-B
cǎi méi	28-21623-B
cǎi mǎi	28-22419-B
cǎi nuǎn	28-21314-B
cǎi nà	28-22017-B
cǎi piào	23-56089-B
cǎi pái	23-55947-B
cǎi qí	23-55996-B
cǎi qǔ	28-20941-B
cǎi qǔ cuò shī	28-21005-B
cǎi shuǐ	60-48182-B
cǎi shí chǎng	28-21809-B
cǎi shēng	63-52362-B
cǎi shōu lǜ	28-21255-B
cǎi sè	23-56150-B,45-41797-S
cǎi sè xiǎn huā	49-61894-S
cǎi tà	60-48290-B
cǎi xiàn	60-48228-B
cǎi yàng	28-21461-B
cǎi yàng lǜ	28-21504-B
cǎi yì	28-22698-B
cǎi yì yì	46-61946-S
cǎi yòng	28-21749-B
cǎi yóu	28-21562-B
cǎi zhì	28-20888-B
cǎi zhāi	28-21161-B
cǎi zhī	28-22062-B
cǎi zhū	28-21697-B
cǎi zhǒng	28-21966-B
cǎi zé	28-21206-B
cǎn	25-9901-S,25-46765-B,25-57230-B,32-21961-B,38-41690-S,71-46016-B
cǎn biàn	25-48430-B
cǎn bài	25-47332-B
cǎn bái	25-48158-B
cǎn bù rěn dǔ	25-46843-B
cǎn bù rěn wén	25-46988-B
cǎn dàn	25-47649-B
cǎn dàn jīng yíng	25-47723-B
cǎn dá	25-47281-B
cǎn dú	25-47536-B
cǎn huò	25-48204-B
cǎn jué rén huán	25-48314-B
cǎn jìng	25-47228-B
cǎn jù	25-47170-B
cǎn jǐng	25-47372-B
cǎn kuàng	25-47582-B
cǎn liè	25-47825-B
cǎn mù	6-44297-S
cǎn rán	25-47971-B
cǎn shì	25-47128-B
cǎn shì jiè	25-9951-S
cǎn shā	25-47470-B
cǎn tòng	25-48091-B
cǎn wú rén dào	25-47875-B
cǎn xiào	25-48267-B
cǎn zhuàng	25-48023-B
cǎn zhòng	25-48628-B
cǎn zāo	25-48493-B
cǎn zāo bù xìng	25-48533-B
cǎn àn	14-45852-S,25-47421-B
cǎo	1-40490-S,3-25349-S,4-29564-S,8-16494-S,9-34241-S,9-64646-S,18-1699-S,18-31537-S,20-65-S,23-65031-S,25-58259-B,27-20309-S,27-44494-S,32-66277-S,33-38904-S,35-17844-S,36-45774-S,39-62339-S,41-4024-S,41-12921-S,41-52570-S,43-15070-S,44-7683-S,44-7881-S,45-41-S,47-10985-S,47-36018-S,47-37140-S,49-392-S,49-23077-S,49-29366-S,49-44117-S,49-66201-S,53-46448-B,53-46476-B,53-60245-S,54-8755-S,54-13738-B,54-15413-S,54-27701-S,54-41773-S,55-10735-S,55-27245-S,55-27511-S,56-19001-S,56-34638-S,59-16172-S,60-17810-S,60-58619-S,60-60093-S,63-47456-S,64-4325-S,64-36171-S,66-22759-S,66-49962-S,67-5694-S,67-57795-S,69-6984-S,69-29958-S,71-10666-S,71-49478-S
cǎo 5r	66-50086-S
cǎo bù shēng	20-31799-S
cǎo bāo	54-13820-B
cǎo běn	54-15020-B
cǎo chú gēn	9-31199-S,30-38497-S
cǎo chǎng	54-14190-B
cǎo cóng	54-13921-B
cǎo cǎo	54-15413-B
cǎo dà qīng	54-14237-B
cǎo dì	54-14021-B
cǎo dòng wù	69-3934-S
cǎo gài	33-23394-S
cǎo gāng mù	32-66369-S
cǎo gēn	54-15058-B
cǎo gū	54-15590-B
cǎo gǎn jùn	33-38961-S
cǎo gǎo	54-15359-B
cǎo jì	66-22800-S
cǎo jī	9-31143-S
cǎo jīng	69-30069-S
cǎo kuài	36-860-S
cǎo kuǎng	69-41244-S
cǎo kuǎng cūn	69-41348-S
cǎo kòu	54-14319-B
cǎo kē	49-29475-S
cǎo kū	44-56818-S
cǎo liào	54-14573-B
cǎo méi	54-15461-B,55-29808-S
cǎo méi zú	54-15505-B
cǎo míng	36-8018-S
cǎo mù	54-14701-B
cǎo mù jiē bīng	54-14773-B
cǎo mù niǎo shòu	54-14948-B
cǎo mǎn líng yǔ	54-15163-B
cǎo niān huā	25-27194-S
cǎo nǐ	54-14500-B
cǎo pí	30-62412-S
cǎo píng	54-14074-B
cǎo píng sǎo chú jī	54-14113-B
cǎo qīng líng	54-15730-B
cǎo qū	65-19079-S
cǎo rén	47-36057-S
cǎo rú yīn	46-29840-S,49-66245-S
cǎo shuài	54-15286-B
cǎo shí dòng wù	54-15844-B
cǎo shān	54-14434-B
cǎo shū	54-14614-B
cǎo shǔ	55-27550-S
cǎo suān	54-15791-B
cǎo táng	33-9761-S
cǎo táng bǐ jì	65-49421-S
cǎo tú	54-13966-B
cǎo tún zhèn	54-14360-B
cǎo xián huán	49-44177-S,49-44313-S
cǎo xiāng	55-1272-S,71-8501-S
cǎo xiāo	54-15971-B
cǎo yuán	2-49137-S,13-17316-S,17-33614-S,22-9794-S,22-10510-S,54-13869-B,63-16625-S
cǎo yào	2-79878-S,54-15681-B
cǎo yú	54-15928-B
cǎo àn	54-15112-B
cǐ	1-69743-S,1-71497-S,4-37819-S,4-66159-B,9-9822-S,14-59919-S,14-60908-S,15-35565-S,18-30862-S,21-10204-S,23-61480-S,24-11893-S,29-24320-S,29-60547-S,35-40874-B,37-35815-B,40-32748-S,41-59772-S,42-42449-B,43-38876-S,53-7334-S,53-18478-S,60-35434-B
cǐ bù pí	34-49355-S
cǐ chù	9-9870-S,15-35926-S
cǐ cì	35-41661-B
cǐ dì	35-41032-B,35-41580-S
cǐ dì wú yín sān bǎi liǎng	35-41079-B
cǐ hòu	15-35859-S,35-41331-B
cǐ jì	35-41831-B
cǐ kè	35-40906-B,35-41508-S
cǐ kě jiàn	43-38925-S
cǐ lèi	58-47968-S
cǐ lù bù tōng	35-41702-B
cǐ lǐ	59-18502-S
cǐ qián	35-40964-B
cǐ shí	35-41395-B
cǐ shí cǐ dì	35-41580-B
cǐ shí cǐ kè	35-41508-B
cǐ shí yǐ qián	35-41443-B
cǐ shēng	3-28325-S
cǐ tóng shí	53-22529-S
cǐ wài	35-41258-B
cǐ xíng	2-27385-S
cǐ yī jǔ	16-59492-S
cǐ yī shí	23-60704-S
cǐ zhī hòu	15-35698-S
cǐ zhī jì	15-35779-S
cǐ zhī qián	15-35609-S
cǐ zhī wài	66-22485-S
cǔn	24-44412-B,24-54511-S
da	1-9216-S,1-63552-S,2-2992-S,2-39816-S,2-51233-S,2-52797-S,3-60106-S,3-61801-S,3-63080-S,4-7848-S,4-19289-S,4-56357-S,4-59237-S,5-4725-S,6-10791-S,6-11045-S,6-42184-S,7-6270-S,7-7805-S,7-9777-S,7-20795-S,7-31480-S,7-34938-S,9-10192-S,9-53218-S,9-56342-S,9-57875-S,10-43738-S,10-69058-S,11-6934-S,12-17417-S,12-18515-S,12-24568-S,12-41846-S,12-43027-S,13-26273-B,13-35245-S,13-62928-S,14-0-S,14-202-S,14-1789-S,14-18256-S,14-34576-B,14-53361-S,14-57129-S,15-67214-S,15-67507-S,16-11768-S,16-26685-S,16-37167-S,16-55539-S,16-63975-S,17-3865-B,17-9864-S,17-13160-S,17-34199-S,18-33425-S,18-36903-B,19-29345-S,19-33223-S,19-38684-S,20-3008-S,20-24793-S,20-54266-S,21-55167-S,21-61070-S,22-7747-S,22-26217-S,23-6689-S,23-11651-S,23-32070-S,23-43343-S,23-44029-S,23-65840-S,24-28506-S,24-36427-S,24-54168-B,25-47281-S,25-53606-S,25-61034-S,26-22673-S,26-33061-S,26-40295-B,26-40322-B,27-15436-S,27-16932-S,27-17016-S,27-29374-S,27-49440-S,27-50616-S,27-68149-S,28-8541-S,28-58671-B,28-63821-S,28-63821-S,29-19650-S,29-28877-S,29-35237-S,29-47506-S,29-49118-S,30-8229-S,30-13589-S,30-13802-S,30-40272-S,31-23245-S,32-7531-S,32-19741-S,32-67863-S,33-48280-S,33-66054-S,33-67248-S,34-32411-S,34-34625-S,34-35552-S,35-5304-S,35-46868-S,36-3228-S,36-7434-S,36-61052-S,37-37851-S,37-48744-S,38-10364-S,39-17990-S,39-17990-S,39-33743-S,39-33784-S,39-33784-S,40-35475-S,41-61077-S,42-4309-S,42-14152-S,42-15103-S,43-30262-S,44-5381-S,44-5381-S,44-19481-B,44-29516-S,44-34911-S,44-39451-S,44-54065-S,45-4622-S,45-13277-S,45-19786-S,45-25171-S,47-42888-S,47-46836-S,47-56215-S,48-8102-B,48-20395-B,48-20432-B,48-49148-S,48-61921-S,50-4815-S,50-41418-B,50-56843-S,51-42393-B,51-57506-S,52-7650-S,52-11197-S,52-35621-S,52-41508-S,52-50625-S,53-4443-S,53-15820-S,53-38502-S,53-45976-S,53-60046-S,54-13616-B,54-25253-S,54-27453-S,54-43102-S,55-21979-B,55-38912-S,55-41838-S,55-44620-S,55-44689-S,56-39315-S,56-46719-S,57-7968-B,57-8012-B,57-51814-S,58-19361-S,59-40943-S,60-51245-S,60-51245-S,60-51332-S,60-52605-B,61-6142-S,61-10238-S,61-29761-S,61-37867-S,61-57618-S,62-15292-S,62-33498-B,62-52372-B,62-60457-S,63-43311-S,63-57419-S,65-12820-S,65-20430-S,65-35384-S,66-26580-S,66-54589-S,66-65737-S,67-7763-S,67-7763-S,67-20412-S,67-24084-S,67-30612-S,68-6329-B,68-8593-S,68-9541-B,68-9624-S,68-10728-S,69-1410-S,69-35538-S,69-43275-S,70-12914-S,70-22885-S,71-62606-S,71-63088-S
da Fo jiao Ming shan	14-47586-S
da Huang jia hu	9-56400-S
da Li jia	13-43196-S,13-43282-S
da Yin hang	39-2542-S
da an	48-20924-B
da ba	17-12899-B,17-16629-B
da bai	17-19151-S,17-19224-B,26-45462-B,28-60070-B,45-43737-S,48-20800-B,48-21067-B
da bai cai	17-28695-B
da bai sha	17-28783-B
da ban	14-15797-S,17-8436-B,17-27766-B,26-44346-B,28-58993-B,45-66035-S,47-51740-S
da ban Nie pan jing	17-33076-B
da bang	3-53837-S,17-22812-B,28-59339-B
da bao	17-42119-B,26-41320-B
da bao da lan	17-8188-B
da bao kou fu	17-41032-B
da bao yan fu	17-41123-B
da bao zha	17-27111-B
da bei	28-60255-B
da ben Nie pan jing	17-21660-B
da ben ying	17-21789-B
da bi mu yu	17-23577-B
da bian	17-5687-B,28-59063-B,48-21489-B,48-21567-B
da bian che	28-59128-B
da bian gan zao	17-5748-B
da bian mi jie	17-5815-B
da biao	62-54175-B
da bing	17-41196-B
da bing gan	55-39068-S
da bo	17-5279-B,26-41790-B,28-60528-B,61-1344-S
da bu	17-23410-B,17-36724-B,28-60860-B,66-10512-S
da bu cheng xiang shi	2-11437-S
da bu dao	62-52544-B
da bu dong	67-23076-S
da bu fen	17-36783-B,49-45938-S
da bu guo	26-40554-B
da bu liao	17-4218-B
da bu shu	10-30380-S
da bu tong	26-40482-B
da bu tou	17-18972-B
da bu xiang shi	2-11527-S
da bu zou	17-23455-B
da cai	37-11378-S,37-11464-S,40-59150-S,40-59265-S
da cai xiao yong	17-18573-B,17-21856-B
da cai zi	36-58106-S
da can	17-41246-B,69-20564-S
da cao yuan	17-33614-B
da cha	26-43373-B,26-45718-B,28-60572-B
da cha r	28-60615-B
da chan	26-47657-B
da chang	17-32196-B,26-42380-B
da chang gan jun	17-32250-B
da chang gong	26-50031-B
da chang tu	26-50108-B
da chao	17-26227-B
da che	28-61069-B,69-55546-S
da chen	16-42439-S,17-32452-B,28-14442-S,53-38159-S
da cheng	17-4807-B,17-47552-S,28-58846-B,62-53513-B
da cheng ping shou	26-44239-B
da cheng shi	17-12032-B
da cheng yi pian	26-44126-B
da chi	17-8721-B
da chi jiao	26-49060-B
da chi yi jing	17-8772-B,17-8847-B
da chong	17-34256-B,26-48644-B
da chong feng	26-48741-B
da chu tou niao	34-44552-S
da chuan	12-55919-S
da chui	17-37531-B
da chui da lei	17-9611-B
da chun xiao ci	17-37103-B
da ci	48-21328-B
da cong	17-34122-B
da cuo	17-37571-B
da cuo le	26-49957-B
da da	17-13160-B,30-13802-S,53-60046-S
da da di	3-60199-S
da da ting	9-10243-S
da da xiao xiao	17-13210-B
da dai zi	17-34723-B
da dan	17-32371-B
da dang	11-18852-S,15-3764-S,28-59878-B
da dao	17-6863-B,17-36449-B,26-40906-B,62-52737-B
da dao hui	17-6926-B
da dao hui fu	26-49604-B
da dao kuo fu	17-6989-B
da de huo re	26-43795-B
da di	3-58248-S,3-60199-S,17-11268-B,26-43750-B,26-47068-B,33-46480-S
da di ce liang xue	17-11475-B
da di dang qian	17-19347-B
da di dong	17-11425-B
da di qian	33-25988-S
da di tu	17-11378-B
da di xian	17-11548-B
da di zhen	13-51683-S,17-11610-B,36-65208-S,66-19666-S
da di zhu	17-11318-B
da dian	26-50822-B,36-51813-S
da dian hua	26-50304-B
da diao	28-61008-B
da ding li	59-47414-S
da dong	26-41240-B
da dong mai	17-8030-B
da dou	17-33733-B,17-36868-B,26-50691-B
da dou fu	67-22389-S
da du	20-24985-S,20-26612-S,26-48937-B,66-61855-S
da du bao rong	17-16864-B
da du hui	17-37048-B
da du shi	17-36975-B
da du zi	17-31772-B
da duan	26-45559-B
da duan r	26-47344-B
da dui	17-39329-B,26-41059-B,48-20599-B
da dui zhang	26-43177-B
da dun	26-47136-B,26-50373-B
da dun r	26-47209-B,26-49387-B,26-50414-B
da duo	17-12934-B
da duo shou	17-33156-B
da duo shu	17-13018-B,49-45844-S,49-46293-S
da duo shu qing kuang xia	15-34511-S
da duo suo	26-41706-B
da e ji	50-51633-S
da er	7-16335-S,17-5004-B,30-40477-S,32-15168-S,52-12439-S,65-66892-S
da er guang	26-48225-B
da fa	17-17476-S,26-46243-B,26-46980-B
da fa guan	17-24810-B,69-22103-S
da fa lei ting	17-28625-B
da fa ming	14-47992-S
da fan	26-48026-B
da fan cu zhi	17-6780-B
da fan shen zhang	26-48109-B
da fan wei	17-30185-B
da fang	17-19707-B,17-19779-B,48-21277-B
da fang guang fo	54-33076-S
da fang xian	17-19862-B
da fei ji	26-50486-B
da fei suo wen	48-21628-B
da fen	21-60-S,26-41159-B,55-39014-S
da fen zi	17-7060-B
da feng	11-8175-S,28-60112-B
da fu	17-16736-B,17-37435-B,48-20650-B,48-21240-B
da fu da gui	17-15103-B
da fu du	17-16794-B
da fu ji pin	26-43079-B
da gai	17-22916-B,28-60680-B
da gai bian	37-9313-S
da gang	12-39220-S,17-30719-B
da gang qin	17-37475-B
da gang xie ding	2-81022-S
da gao er fu	26-50550-B
da gao er fu qiu	26-50615-B
da gao zi	26-47716-B
da ge	17-9818-B,26-41829-B,51-26207-S
da ge da	17-9864-B
da ge er	17-6084-B
da ge la si	43-55532-S
da ge lan	8-30405-S
da ge lan zu	8-30468-S
da ge ming	17-40271-B,37-29995-S
da ge r	6-45492-S,26-41878-B
da ge zi	26-45838-B
da gen lan	17-22620-B
da gen tou	26-49300-B
da geng	26-45636-B
da gong	17-7702-B,26-43465-B,26-44658-B
da gong gao cheng	17-7761-B
da gong guo	17-6546-B
da gong mei	26-43566-B
da gong si	17-6477-B
da gong wu si	17-6657-B
da gong ye guo zu zhi	7-50293-S
da gong yue shu	32-19797-S
da gong zai	26-43662-B
da gong zuo yi	26-44717-B,26-49445-B
da gou	26-46649-B,26-49899-B,28-61295-B,52-5283-S
da gou qi zhu	26-46744-B
da gu	17-13589-B,17-24768-B,17-42756-B,26-47787-B,26-50869-B,28-59188-B
da gu chang	26-47828-B
da gua	26-41407-B
da guan	17-38141-B,62-53193-B,62-55312-B
da guan hua	26-42953-B
da guan qiang	26-42825-B
da guan si	26-42747-B
da guang	48-53516-S
da guang gun	26-40994-B
da guang ming	35-35031-S
da gui	17-15103-S
da gui mo	17-35190-B
da gui mo sha shang xing wu qi	17-35277-B
da gun	26-46367-B
da gun zi	26-45935-B
da guo	17-10884-B,17-37611-B,33-56668-S,44-34989-S,60-22273-S,60-63023-S
da guo fan	17-37662-B
da guo jia	44-35048-S
da ha	15-49759-S,69-35592-S
da ha sheng	15-49841-S
da hai	17-25171-B,46-6237-S,68-9759-S
da hai gou	17-25335-B
da hai lao zhen	17-25213-B
da han	17-10228-B,17-26162-B,23-56464-S,39-41859-S
da han da jiao	17-10269-B
da han lin li	17-24462-B
da hao	4-70395-S,17-34162-B
da he	17-24725-B,25-38240-S
da he Duo ba ge	41-61137-S
da he chang	71-20598-S
da he duo ba ge	10-51395-S
da he zhou	25-38287-S
da heng pao	26-46012-B
da hu	3-48606-S,12-27103-S,17-18470-B,26-41669-B
da hua	28-60925-B,32-19895-S,48-21382-B
da huai dan	17-12837-B
da huan	17-28251-B
da huang	10-29935-S,23-51055-S
da huang feng	17-42616-B
da huang yu	17-42672-B
da hui	7-35145-S,17-20704-B,30-1536-S
da hui tang	4-12350-S,10-25596-S
da hui xiang	17-33482-B
da hui xiang zi	17-33552-B
da hui yi	7-35036-S
da hun	29-8087-S
da huo	17-13078-B,17-26282-B,17-29624-B,28-58887-B
da huo bu jie	17-17852-B
da huo er	17-5222-B
da huo ji	26-46413-B
da huo lin tou	17-29674-B
da huo quan sheng	17-27686-B
da huo shi	26-46481-B
da ji	17-8966-B,17-35403-B,26-45023-B,37-7624-S,44-53315-S,52-24454-S,61-46370-S,70-55605-S
da ji jun shi li liang	26-45279-B
da ji ke	17-18328-B
da ji she hui cai fu	26-45192-B
da ji si	17-29571-B
da ji yue qi	26-45118-B
da jia	3-24073-S,6-62131-S,7-67951-S,13-50280-S,13-51115-S,17-14992-B,26-45769-B,67-4038-S
da jia si jia	69-43312-S
da jia zi	28-59691-B
da jian	28-59401-B,28-60159-B
da jian dao	17-7352-B
da jian mai	17-35649-B
da jian qin	17-37811-B
da jiang	3-2834-S,17-15668-B,17-27623-B
da jiao	17-10269-S,17-32115-B,26-45407-B,42-5379-S,67-59831-S
da jiao dao	26-40675-B
da jiao shou jia	28-60450-B
da jiao tang	17-19292-B,51-49957-S
da jiao ti	27-49482-S
da jie	3-13768-S,17-34296-B,20-64272-S,22-38889-S,26-47979-B,28-59519-B,28-59997-B,53-55162-S,60-19437-S,69-25981-S
da jie fang	28-60797-B
da jie pian	28-59573-B
da jie xiao xiang	17-34347-B
da jin	1-17915-S,26-49552-B
da jing	29-49226-S
da jing shen	11-6990-S
da jing shi se	17-41650-B
da jing xiao guai	17-41717-B
da jiu	26-49712-B,28-59652-B
da jiu zi	17-32634-B
da ju	17-16051-B,17-33000-B,68-48880-S
da juan	48-20486-B
da jun qu	12-29130-S
da ka	54-43158-S
da ka er	62-52960-B
da ka na er dao	43-9482-S
da ka na er zhan yi	43-9574-S
da kai	26-50181-B
da kai zhai	17-38030-B
da ke	43-11160-S,49-16540-S
da ke bu bi	17-8649-B
da ke sheng	43-11236-S
da ke shui	26-47274-B
da ke ta	10-35293-S,11-4119-S
da kong	6-7461-S
da kong qi	26-42550-B
da kou	21-14785-S
da kou jing	17-8591-B
da ku	17-9915-B
da kua	26-42312-B
da kuai ren xin	17-17661-B
da kuai tou	17-12755-B
da kuan	6-26497-S
da kuo hao	17-18842-B
da la	55-41935-S,55-42130-S
da la dao	55-42027-S
da la gong	22-18105-S
da la ha la	43-9693-S
da la ma	43-9767-S
da la ma shan	43-9870-S
da la shan	22-18165-S
da lai	26-48997-B
da lai hui	26-40825-B
da lan	17-8188-S
da lang	17-25125-B
da lao	17-5443-B,26-44926-B
da lei	17-9611-S,17-40744-B,26-50264-B
da li	2-3050-S,9-60064-S,17-7428-B,18-17229-S,18-17308-S,20-69436-S,25-28930-S,25-62266-S,26-39533-S,28-59932-B,48-21109-B
da li du	9-53282-S
da li fa zhan	17-7563-B
da li hua	17-42263-B
da li r	2-3147-S
da li shen	17-7653-B
da li shi	15-60055-S,17-7489-B,17-28202-B
da li ya	3-60305-S,40-2737-S,57-20139-S
da li ya lian bang	40-2927-S
da li ya shou du te qu	40-3028-S
da li ya zhou	11-1500-S,57-20239-S
